lastAccountName: Point1013
timestamps:
  login: 1598800894471
  lastteleport: 1598799023950
  logout: 1598818730564
ipAddress: 61.227.156.90
nickname: 橘森
lastlocation:
  world: dango
  x: 859.0957227701954
  y: 87.00068549486531
  z: -410.2757026922804
  yaw: 304.31305
  pitch: 26.699959
logoutlocation:
  world: dango
  x: 870.4787163928011
  y: 74.0
  z: -387.1676853033207
  yaw: 163.35486
  pitch: 26.849285
afk: false
money: '100'
