lastAccountName: Shake_Dude
timestamps:
  login: 1598628629518
  lastteleport: 1598631094164
  logout: 1598633706263
ipAddress: 124.218.95.130
lastlocation:
  world: build
  x: -202.4716028222878
  y: 93.6073485991502
  z: -541.3706317636892
  yaw: -290.93457
  pitch: 29.54918
afk: false
nickname: 葉阿月
logoutlocation:
  world: build
  x: -209.59914308542653
  y: 90.61813811185147
  z: -536.0282700334632
  yaw: -153.78601
  pitch: 41.099766
