lastAccountName: Blacksauce0609
timestamps:
  login: 1598800371168
  lastteleport: 1598797826436
  logout: 1598800437167
ipAddress: 118.150.198.70
lastlocation:
  world: dango
  x: 924.0808008214001
  y: 76.71829387943245
  z: -311.69999998807907
  yaw: -189.16998
  pitch: 27.449066
nickname: 黑醬
afk: false
logoutlocation:
  world: dango
  x: 948.1447111335102
  y: 73.0
  z: -319.4571744122994
  yaw: 121.9225
  pitch: 20.850344
