lastAccountName: Blacksauce0609
timestamps:
  login: 1598716075058
  lastteleport: 1598719719767
  logout: 1598716060335
ipAddress: 118.150.198.70
lastlocation:
  world: Dango
  x: 885.0880582954927
  y: 123.2168248116274
  z: -342.52895555770704
  yaw: 293.2376
  pitch: 71.55005
nickname: 黑醬
afk: false
logoutlocation:
  world: Dango
  x: 927.5
  y: 76.0
  z: -318.5
  yaw: -358.81226
  pitch: 7.500354
