lastAccountName: AnYan_OuO
timestamps:
  login: 1598604941221
  logout: 1598606063647
ipAddress: 220.129.69.16
logoutlocation:
  world: build
  x: -296.6864833820548
  y: 82.0
  z: -591.2432780231512
  yaw: 95.411835
  pitch: -90.0
lastlocation:
  world: build
  x: -274.36880758055355
  y: 70.0
  z: -587.5712694861555
  yaw: 86.29766
  pitch: 11.099876
nickname: 暗壛BOSS
