lastlocation:
  world: world
  x: 153.5
  y: -2.0
  z: -215.5
  yaw: 0.0
  pitch: 0.0
lastAccountName: axdvgnk278
timestamps:
  login: 1598606381648
  lastteleport: 1594538129943
  logout: 1598607011843
ipAddress: 36.236.55.96
nickname: 橘子
logoutlocation:
  world: build
  x: -242.46370954098293
  y: 132.83770510003285
  z: -291.8036350940091
  yaw: -93.93634
  pitch: 35.54973
