spawns: 
  default: 
    world: Dango
    x: 927.4941605486772
    y: 76.0
    z: -318.73503950463225
    yaw: -358.81226
    pitch: 7.500354
